10
WBGene00006538 0.0000000 0.0462672 0.1288657 0.1388658 0.1023393 0.1434207 0.0940019 0.1073075 0.2141846 1.2767714 
Bm12766.1      0.0462672 0.0000000 0.1487046 0.1605033 0.1291250 0.1636033 0.1058150 0.1110851 0.2202103 1.2765645 
WBGene00006537 0.1288657 0.1487046 0.0000000 0.0246814 0.0711820 0.1054521 0.1346678 0.1468484 0.2025384 1.1819393 
WBGene00006536 0.1388658 0.1605033 0.0246814 0.0000000 0.0749200 0.1102138 0.1436069 0.1553834 0.2278910 1.1829956 
WBGene00000248 0.1023393 0.1291250 0.0711820 0.0749200 0.0000000 0.0756164 0.1152151 0.1496359 0.1702744 1.1589325 
Bm4733.1       0.1434207 0.1636033 0.1054521 0.1102138 0.0756164 0.0000000 0.1561193 0.1642150 0.1977937 1.2213056 
WBGene00003171 0.0940019 0.1058150 0.1346678 0.1436069 0.1152151 0.1561193 0.0000000 0.0808405 0.2400055 1.2552526 
Bm8661.1       0.1073075 0.1110851 0.1468484 0.1553834 0.1496359 0.1642150 0.0808405 0.0000000 0.2407405 1.2766402 
Bm9698.1       0.2141846 0.2202103 0.2025384 0.2278910 0.1702744 0.1977937 0.2400055 0.2407405 0.0000000 1.3818990 
WBGene00006539 1.2767714 1.2765645 1.1819393 1.1829956 1.1589325 1.2213056 1.2552526 1.2766402 1.3818990 0.0000000 
